 Eigenvalues: 
  -3.5518271198727830E-002  -6.9046991960549243E-004   4.7574553005155971E-002  0.11653975511768735       0.20488946147717771       0.31147080654234816       0.43507060220584792       0.57435464070291886       0.72785432776694525       0.89396971612390896        1.0709799165423262        1.2570575153038968        1.4502854766769144        1.6486757179543479        1.8501888477680399        2.0527546997380197        2.2542933660352764        2.4527364793288680        2.6460485278826376        2.8322480336477582        3.0094284996714138        3.1757791873907921        3.3296061296362192        3.4693546229382690        3.5936366244254394        3.7012724828060231        3.7913731531758015        3.8635302754723164        3.9182335204000616        3.9575153817240563     

 Eigenvectors: 
   8.0307720643440522E-002  -7.2867349071389143E-002   9.5759971501827135E-002 -0.11718519963620048       0.13780258573692980       0.15747145772441343       0.17592558614026238       0.19290076331977568      -0.20815721366565162       0.22148353653753994      -0.23269699827530113       0.24164320770356995       0.24819578253802785      -0.25225605204643564      -0.25375271312679282      -0.25264133472088224      -0.24890360428090458      -0.24254620563382143       0.23359920217869362      -0.22211377111512096      -0.20815910144186056       0.19181827445518618       0.17318316463303268      -0.15234947774815133      -0.12941733923488910      -0.10451880458639611        7.7948964921330618E-002  -5.0631435733841539E-002  -2.5275308365497667E-002  -7.1985348875318106E-003
  0.14993000673150383      -0.13350144108481435       0.17082152526429695      -0.20095923989072290       0.22414088545357380       0.23934949673880659       0.24565457115391715       0.24248994727436299      -0.22971632076292378       0.20763104414004743      -0.17695342750458615       0.13879214598620312        9.4597370751584794E-002  -4.6099763336799181E-002   4.7612254506913297E-003   5.5916879591014740E-002  0.10525331151480245       0.15069659670405264      -0.19029526641878233       0.22229644532392029       0.24521202543807821      -0.25787158571030566      -0.25945964560233126       0.24953763148683608       0.22806066216699930       0.19543416112450113      -0.15277588319992799       0.10288837736491335        5.2744713729756108E-002   1.5304731479750576E-002
  0.20528991754778750      -0.17678639452451680       0.21543931559864588      -0.23505918723143998       0.23527215772278023       0.21540730135226011       0.17641289289090969       0.12112376641517358       -5.4064083857111006E-002  -1.8963305096388130E-002   9.1421819364080531E-002 -0.15666114820647334      -0.20855292272718418       0.24208279680624184       0.25384396673065179       0.24238618677475190       0.20838754955025354       0.15463257781288273       -8.5798069671738419E-002   8.0660366537931277E-003  -7.1400670111171516E-002  0.14507144394976543       0.20569311780111385      -0.24691067878769973      -0.26382350657794346      -0.25350048343674558       0.21568908059766836      -0.15454603913563386       -8.2792211167261723E-002  -2.4760201509913413E-002
  0.24604738407331986      -0.20133930179339229       0.22683126525515268      -0.21669654104292030       0.17310707777084466       0.10139902283083910        1.1604872839814118E-002  -8.2728153824315531E-002  0.16670481695516201      -0.22658261422400158       0.25213607797534215      -0.23847459646527933      -0.18699995739720571       0.10533141299026171        6.1951982424793186E-003  -9.4554161495559910E-002 -0.18046922988642347      -0.23719583256779053       0.25487527090347323      -0.22986962410886727      -0.16552333612168479        7.1827860663369617E-002  -3.5968172855268911E-002  0.13959452029536806       0.22051468280530848       0.26287483698631092      -0.25660679396957603       0.20159504324083793       0.11489979669934983        3.5804397316078776E-002
  0.27337513164009020      -0.20789053430628723       0.20699429662855234      -0.15355575057426513        5.9877214913884508E-002  -5.3328154350459060E-002 -0.15929768655995380      -0.23161095913621119       0.25111677273600169      -0.21122880928973739       0.12010017216740032        9.7482663983268730E-004  0.12260504724751610      -0.21456768578751623      -0.25347404499440884      -0.22887866990761935      -0.14623512392943111       -2.5874000765893895E-002 -0.10182801414851936       0.20395378470785122       0.25339831394959489      -0.23599684582808200      -0.15462887832576455        2.9219343248481817E-002 -0.10746516561379996      -0.21740629520345756       0.26710974172218560      -0.23929616314918428      -0.14796491481204058       -4.8553437150540800E-002
  0.28909022072464591      -0.19837044785421329       0.16116470968958205       -6.0542705581052098E-002  -7.0291108052603191E-002 -0.18728572629887624      -0.24846974616268133      -0.22940194949149204       0.13316591585425402        9.4323912531031322E-003 -0.14992807249095663       0.23912280292937860       0.24483489299581365      -0.16397859149757860       -2.4398193705656771E-002  0.12448046207521003       0.22906176900814082       0.25092803389608853      -0.18114714132094933        4.4221681801529238E-002 -0.11002848022332624       0.22405939118233628       0.25362428311628366      -0.18480712174181643       -4.0872286558760108E-002  0.12394957361863419      -0.24272021453581352       0.26300501104324192       0.18047229865321757        6.3026730579128915E-002
  0.29519527439926058      -0.17534725698977077        9.6585999783922849E-002   4.3688924934522255E-002 -0.18122426419155518      -0.25003138101274935      -0.21245499206027282       -7.9661047311285371E-002  -9.0866898958930339E-002  0.22101274267734505      -0.24907721668426691       0.16023743263343726       -4.8507476382720054E-003  0.16823329303475132       0.25149655819449546       0.21375238785216616        7.2235808417559388E-002 -0.10498423884440811       0.23131364628441142      -0.24379790230097628      -0.13476680468647662       -4.2853983747574660E-002 -0.20003088385385279       0.25503530608085462       0.17541114180299527       -1.9885520901338043E-003  0.18438232463373755      -0.26890602284025206      -0.21063248352925618       -7.9156113934782807E-002
  0.29363652601079071      -0.14166477546294409        2.1474139514265873E-002  0.14014306041585023      -0.24388479691604173      -0.21952761153930536       -7.0945567583081015E-002  0.12073111431048993      -0.24317534426918197       0.22142651507559008       -6.6156377953425397E-002 -0.12992701610790663      -0.24720319508856783       0.21274003676428077        4.6613155384425294E-002 -0.14889841814387805      -0.25187191886322674      -0.19694340024405232        1.7486120129160825E-002  0.17366735653395654       0.25435140706461185      -0.17103790282167936        2.4635920094294963E-002 -0.20560977423593418      -0.24945362366276538      -0.12044424833362784       -9.8913171046555198E-002  0.25464186647096182       0.23651969281238008        9.6789103898475282E-002
  0.28618290266301882      -0.10020444220670363       -5.5853169905829995E-002  0.21247388870731909      -0.24301745020203347      -0.10844305081278807       0.10537431328917982       0.24506891253298974      -0.20496854919843352        1.1581772574507076E-002  0.19129448979676481      -0.24954261111814080      -0.11729750219300436      -0.10531955508637908      -0.24710478478503767      -0.19761948465863319        5.8160379226545782E-003  0.20509650998304160      -0.24358264631802914        8.9608777889023286E-002 -0.13612308670644147       0.25346541754491170       0.16590521188969445        5.8508971370571546E-002  0.23599533530115147       0.21359297717325795       -1.6929777871050990E-003 -0.21978328461047086      -0.25621652091171410      -0.11569090874677579     
  0.27437422981711346       -5.3729326030179804E-002 -0.12768952414502693       0.24926299001657448      -0.18002865928637518        4.1920319410127409E-002  0.23050265864672906       0.21621643088796705       -7.1752273066294260E-003 -0.20920433650645240       0.23416728647078788       -4.2808001267412563E-002  0.18867425889149669      -0.24439786247676412       -7.1095103268945553E-002  0.16935019392227721       0.25009785659027406        9.3682954944383542E-002  0.15223849542420201      -0.25279047533757426      -0.11003854499907062      -0.13984127746518804      -0.25364187109783121       0.11667083637732321      -0.13861064165086157      -0.25377245633079570       0.10203182089885428       0.16608185986742086       0.26796282363405804       0.13554732170598169     
  0.25950883187994866       -4.7843524566397837E-003 -0.18749324260779279       0.24537268510424268       -7.1753938594305663E-002  0.17727077433204386       0.24459105313367055        5.3090599306583018E-002  0.19617540366471978      -0.23320684202401828        1.5325614041277432E-002  0.21973610623097636       0.21221113284566046        3.0860008004770078E-002  0.23977117088681141       0.18078375767071417       -8.1083576146276357E-002 -0.25188135287728114       0.13812589660883676       0.13257054542953367       0.25233341704072082       -8.2518101731243396E-002  0.18317324721136710      -0.23538354710523476       -8.6329082187164233E-003  0.22998388520798260      -0.18584478826148598       -9.7464500662709896E-002 -0.27030162328757240      -0.15596955905373602     
  0.24265294621949185        4.4363946590524027E-002 -0.23027950512767845       0.20228943350053880        5.4321351697488918E-002  0.24975050236011792       0.14170155428195752      -0.14282096681362783       0.24826639997711933       -3.8657643430381868E-002 -0.22059137325769745       0.19656922090401779       -8.1183794073813362E-002  0.25390693569967299        9.6660145496702848E-002 -0.18669516303341308      -0.22597696442611528        3.1231295510555233E-002 -0.24743997553819291       0.13673337882721381      -0.15557189509146097       0.24042817570346572        2.1826241339458034E-003  0.23935692506475012       0.15274120257396992      -0.14742545419531358       0.23891189794211121        1.9755531838243637E-002  0.26221272785618138       0.17650157788323675     
  0.22466138654190185        9.1759513005925802E-002 -0.25285342986663256       0.12749968680240076       0.16708313203049469       0.23440064162582985       -2.8534316636789469E-002 -0.25096145762552169       0.10967568297536859       0.19200429739782937      -0.21139198525410846       -8.1598270859218974E-002 -0.25357557585391149        4.8136983096417250E-002 -0.22917599705312192      -0.16342984280646167       0.14763195660442516       0.23648635452163516        3.1679053946577176E-002 -0.25186310934808120       -8.9040953825519992E-002 -0.20983719802892528      -0.18616301587917361      -0.12593844929587894      -0.24092103519916364        2.6753267046343718E-002 -0.25173947428346505        5.9855326006891842E-002 -0.24322418203035215      -0.19663009520066654     
  0.20620310211925291       0.13576867074113128      -0.25389175645846890        3.3057714043487223E-002  0.23932972712258116       0.13722936078691539      -0.18528297677259900      -0.20552599144452979      -0.11286629188099910       0.24380166928832242        3.2151409448456930E-002 -0.25412429645417506       -4.8677023882241287E-002 -0.23880498968662051      -0.12237722680176463       0.20146111954137547       0.18288480608645949      -0.14718817216799596       0.22578277221665208        8.2348176098831646E-002  0.24879993116805599        1.4183017092639423E-002  0.25233979734692158       -4.9573934466486343E-002  0.24025698487270661       0.10090504854325426       0.22151176715608090      -0.13354804866805142       0.21349224173123643       0.21579730992496149     
  0.18778786633619818       0.17507764836568465      -0.23388650447569337       -6.6404048069697005E-002  0.25408956957890677       -7.5303602710435234E-003 -0.25487821079172962       -3.4788697670242542E-002 -0.24927279505519753        6.9039216308916782E-002  0.24012604005316776       -9.8228462749000794E-002  0.22853587039700332      -0.12360288913494953       0.21516360276218136       0.14568832992097794      -0.20059592115943142      -0.16465175844114405      -0.18551795904295323       0.18042132854010717      -0.17088978934057816       0.19266030643168081      -0.15825951826887577       0.20053057007176556      -0.15044464990850284      -0.20198315662863292      -0.15289222893079443       0.19373102114823040      -0.17384209736472603      -0.23341615408540695     
  0.16979193828416228       0.20867998378676378      -0.19496920274119550      -0.15591681395070492       0.20833166618021542      -0.14969394295273455      -0.20509970714407452       0.15708760147361123      -0.19594787300224442      -0.16974020261317715       0.18293781509082271       0.18441577110190932       0.16669960504201298       0.19949446394697101       0.14744932931448812      -0.21399615672720487      -0.12519768033052844       0.22721252782626006       -9.9754130000544797E-002 -0.23850886654390119       -7.0610773978393673E-002 -0.24712176934038976       -3.6649241773166183E-002 -0.25175132422372826        4.5047282283250650E-003  0.24944642624626231        5.7464344763498910E-002 -0.23392398740732209       0.12576389894502138       0.24888775009060640     
  0.15248154678612921       0.23585700160648854      -0.14063854931512404      -0.22235069244132169       0.11333036033982094      -0.24051975313391707       -5.9631655380032449E-002  0.25379467035728337        6.1671447388355390E-003 -0.25143346991135496       -7.5932157583092214E-002  0.22943322499436411      -0.14214650702445064       0.18740990076190614      -0.19771586604908331      -0.12766226490096530       0.23637417905746710        5.4631535077035019E-002  0.25310430388081318        2.5585647453139248E-002  0.24438919793129543       0.10567990825543673       0.20814232082582246       0.17730672546702095       0.14312393774462623      -0.23024594779415405        4.8143123109619455E-002  0.24955751686126601       -7.1361572588102190E-002 -0.26162062100441158     
  0.13603367021423760       0.25615376850170513       -7.5417366408055700E-002 -0.25623209463840546       -8.2753850180558117E-003 -0.24924834080186944       0.11356108225447641       0.19715483924565186       0.20360921775027913      -0.10084458577903534      -0.25121284727160254       -2.0811358723555076E-002 -0.24059486077310027      -0.13924920293353424      -0.17116522903106760       0.22454315996591315        5.8030747780391446E-002 -0.25357760998289458       -7.1321670660421360E-002  0.21645122952411039      -0.18338053683817232       0.11970974556618161      -0.24631355802227095       -1.4069821832770219E-002 -0.23686620866298316       0.14914021621032605      -0.14514428097409174      -0.23858622520198017        1.3255243184384646E-002  0.27105108958241331     
  0.12055396556663914       0.26935234743385805       -4.4662981795429990E-003 -0.25297499228786408      -0.12795056097640917      -0.17326441419061492       0.23412146929159036        2.1678792630064173E-002  0.24707071021129093       0.14276040346053206      -0.15031489602655007      -0.24430380161584181        1.6721181818696688E-002 -0.23237669340430667       0.17693469042112259       0.10943928023386927      -0.25277915159268849        6.7374187945822520E-002 -0.20500142807344629      -0.21187421538623491       -5.4071444759032312E-002 -0.24983202671076488       0.12635327714957770      -0.15623356898645493       0.24108199356406901       -2.7717947602839497E-002  0.21598670559877137       0.20183125360744666        4.5558457011681250E-002 -0.27666421115501416     
  0.10609192370913625       0.27544372867638950        6.6818184881929116E-002 -0.21338651391838442      -0.21794553422424018       -3.8622249173720216E-002  0.24648324684140380      -0.16683555967831468       0.10401085319078623       0.25487643224921464       0.11563732397567615      -0.15407736968186314       0.24933398255183581        6.3901626008847176E-002  0.19288120826811053      -0.23327985279381303        1.3093743185314227E-002  0.22125058548989782       0.20931330720865418       -3.4382472141126004E-002  0.23942587142365301       0.18080218296018621        7.4892234250937648E-002  0.24786263087167007      -0.15385859477195057      -0.10123392364055206      -0.24761671586071582      -0.14299735424155624      -0.10188057602602750       0.27801451797677490     
   9.2653450602685275E-002  0.27459947565498061       0.13319521424106157      -0.14340964415895516      -0.25764744166594056       0.10904878923541592       0.14523080707329328      -0.25521104323868293      -0.11744454844769214       0.13254691210481812       0.25475271678498096       0.13381920998921099       0.11389097739641982       0.25317373019695133      -0.15302883467629899       -9.1097645111330908E-002  0.24911076012046174      -0.17326622450104015        6.4359869970101277E-002  0.24137844608267242      -0.19380587947193761        3.2571170999974287E-002 -0.22786793760902491      -0.21437682133809355        8.0930705085061790E-003  0.20256339112633806       0.23399315736906245        6.8348033929969659E-002  0.15250796301639252      -0.27474581116516744     
   8.0211133285444297E-002  0.26714385985416694       0.18993671423302350       -5.3168043693558729E-002 -0.23817898664795528       0.22005351773392140       -2.2804197759436533E-002 -0.19068410479761078      -0.25050869509799434      -0.11155830360910188       0.11472364257922907       0.25018306505173749      -0.18954717954970729        1.8774135863890776E-002 -0.21201659132262807       0.24034188389593933       -8.2610647021826411E-002 -0.13851538552580123      -0.25248689803914215      -0.17248245000370729       -3.8992731122953588E-002 -0.21990537340743394       0.23372594456183496        7.2442382309067577E-002  0.14076074129996022      -0.24839845788764231      -0.17734761892830578        1.3935957883071290E-002 -0.19444245340001179       0.26660922317097252     
   6.8712468308783442E-002  0.25352705291490540       0.23313036673409473        4.4532683499215152E-002 -0.16425254329747391       0.25729092188738861      -0.18037608325026039       -1.2107419380151726E-002 -0.19528850408238829      -0.25328385566554890      -0.15089725583392546        4.6109653100887986E-002 -0.21358537451447746      -0.24702387494045591       0.12630255606879501        7.2709480430765805E-002 -0.22614111492720909       0.23926744063745653       0.10475640818465272       -9.3733175773704921E-002  0.23409247384687346       0.23121254897105514       -8.8447358885408084E-002  0.10621249986450840      -0.23575812671639435       0.22593044397572185        8.7915262009547218E-002  -9.4649143447392559E-002  0.22509678991817883      -0.25347879045836003     
   5.8086324952517192E-002  0.23429978214725461       0.25991288434828186       0.13602734168086919       -5.2924222793783449E-002  0.20851830652761968      -0.25535543452298770       0.17369951125400798        6.5297760135015594E-003 -0.16280134433098528      -0.25146673097944033      -0.21697847241834109        7.7010240127201215E-002  -9.9922508015802255E-002  0.22805588385853531      -0.24583688944621826       0.14527739869966186        2.4730176200625904E-002  0.18241862141006845       0.25263070312713592      -0.20264890082969225       -5.7225826611010340E-002 -0.11410741509141029      -0.23092999151424590       0.24033207162512685      -0.14112654830497884        1.7852342375904742E-002  0.16460549086498613      -0.24248248910217943       0.23536382336947517     
   4.8247896129241047E-002  0.21008972819203348       0.26862321129165317       0.20868263131258299        7.0409779372359302E-002   9.0219854157657139E-002 -0.21363026044401587       0.25592737182019926       0.20345195497685548        7.6795295367706656E-002  -7.7198889814824617E-002 -0.20254794532735140       0.25422809502549831       0.21411268704341177       -9.7144703138015348E-002  -5.4342546778323210E-002  0.18600815566773693      -0.25100669822580668      -0.22661308668004576      -0.12206528542978386       -2.5083301563607118E-002 -0.16267109585932432       0.24267075333529375       0.23817611981568268      -0.15252087679410209        1.7263008856606480E-002 -0.12028745577886196      -0.21571244302854600       0.24536547801435896      -0.21241743756205128     
   3.9102363064767852E-002  0.18157984314578893       0.25887061789489868       0.25260297657011876       0.17782789223263917       -5.8088240434383383E-002  -7.4441041141164968E-002  0.18574747484915635       0.24798629239453751       0.24611450006774457       0.18138071741253928        7.0782328037244310E-002   5.7363903883678173E-002  0.17061548815190464      -0.24055394248790693       0.24985344548633467      -0.19651343393685727        9.4220289253370074E-002  -3.1221092100785823E-002 -0.14845956054135565       0.22849939049279269       0.25193276596683889      -0.21368331812540953      -0.12407430984829221        5.9576847649577798E-003  0.11139223096980500       0.20017231164084706       0.24194502964627065      -0.23337702026224955       0.18494071733925141     
   3.0547469815916984E-002  0.14948868853567376       0.23151796531122057       0.26192857082485943       0.24518088875796323      -0.18711777087447903        9.8654874545194338E-002   5.0909335729428934E-003  0.10696051348352786       0.19039078429617556       0.24200263887407952       0.25369024263833362      -0.22386531089536896      -0.15765414940761113        6.6017541186109793E-002   3.6061268332478628E-002 -0.13202460413197115       0.20642638854939988       0.24742075299145339       0.24865101327153941      -0.21023492343950018      -0.13868898774316318        4.5805879301748162E-002  -5.3334192142514031E-002  0.14290487611103472      -0.20904542995102338      -0.24238202804434336      -0.24009834275194022       0.20707014177714961      -0.15338211287504139     
   2.2475173035953540E-002  0.11455283079098226       0.18858540910279081       0.23556383578384194       0.25746393192576267      -0.25417561130473448       0.22688347802477907      -0.17859000236040135      -0.11402620199656702       -3.9291037766773063E-002   3.8672296420912515E-002  0.11269215341053944      -0.17601128717008349      -0.22289427533953085       0.24914223888108444      -0.25246697595883999       0.23268994332876608      -0.19174777905358956      -0.13350386440958223       -6.3383160353706211E-002  -1.2136429338178023E-002  -8.6130190443354127E-002  0.15187624717742099       0.20349290320108163      -0.23651421678051257       0.24837338763021852       0.23880412570409035       0.21022024632713140      -0.16791529500578720       0.11833182689507048     
   1.4772502611891518E-002   7.7511283942573533E-002  0.13308423143486414       0.17725380808334135       0.21208490290479620      -0.23721745904420555       0.25207456343545404      -0.25629082199603948      -0.24984371250219936      -0.23309849202905747      -0.20681286793560583      -0.17211575119358943       0.13046628773360153        8.3597081590176106E-002  -3.3444967423971073E-002  -1.7927326370232630E-002   6.8415165977446193E-002 -0.11595810559826021      -0.15862455399618497      -0.19469164091866994       0.22271725055294239       0.24160177272537550      -0.25063809576633111      -0.24955012082501535       0.23852370880882004      -0.21824242824867388      -0.18995981226935199      -0.15566283152407812       0.11823313427463281       -8.0511116902850510E-002
   7.3217406434523714E-003   3.9091952531366603E-002   6.8794131173222556E-002   9.5013540988576603E-002  0.11933560614273719      -0.14199259586413415       0.16294067157287420      -0.18205721712545053      -0.19919784476845698      -0.21421861572163675      -0.22698665011794003      -0.23738601131060397       0.24532134285664245       0.25072027743677816      -0.25353508167437444       0.25374376815495286      -0.25135080333117116       0.24638749659310533       0.23891214491530746       0.22901002229496245      -0.21679335117949766      -0.20240150281696878       0.18600192098364948       0.16779284992756149      -0.14801041987403471       0.12694645963375456       0.10499253204504716        8.2736583475799944E-002  -6.1066729547451688E-002   4.0756620771856315E-002
